receiveTimeMs,decodeStartMs,decodeFinishMs
180301655,180301805,180301808
180301784,180301810,180301814
180301817,180301966,180301971
180301962,180301973,180301976
180301995,180302130,180302135
180302124,180302137,180302140
180302156,180302294,180302302
180302282,180302304,180302305
180302327,180302458,180302464
180302455,180302466,180302468
180302492,180302621,180302629
180302583,180302630,180302632
180302619,180302785,180302788
180302762,180302790,180302793
180302792,180302947,180302951
180302921,180302954,180302956
180302953,180303114,180303116
180303088,180303118,180303123
180303126,180303280,180303283
180303258,180303285,180303288
180303286,180303448,180303452
180303414,180303455,180303457
180303451,180303615,180303618
180303594,180303620,180303622
180303623,180303783,180303787
180303755,180303789,180303790
180303786,180303962,180303963
180303886,180303964,180303967
180303915,180303968,180303977
180303998,180304132,180304149
180304055,180304150,180304155
180304142,180304313,180304328
180304283,180304480,180304492
180304424,180304494,180304498
180304482,180304650,180304664
180304629,180304814,180304826
180304757,180304828,180304833
180304805,180304983,180304995
180304962,180305149,180305160
180305122,180305161,180305166
180305169,180305320,180305332
180305287,180305487,180305495
180305446,180305497,180305500
180305492,180305656,180305669
180305631,180305821,180305832
180305789,180305834,180305838
180305821,180305988,180306002
180305965,180306155,180306166
180306124,180306168,180306172
180306156,180306324,180306337
180306315,180306487,180306498
180306454,180306500,180306504
180306499,180306657,180306671
180306623,180306673,180306679
180306655,180306823,180306836
180306795,180306837,180306842
180306826,180306982,180306991
180306955,180306992,180306996
180306986,180307144,180307153
180307114,180307154,180307161
180307163,180307312,180307322
180307291,180307323,180307328
180307323,180307476,180307485
180307450,180307487,180307491
180307484,180307642,180307654
180307637,180307655,180307660
180307663,180307804,180307812
180307786,180307964,180307974
180307964,180308130,180308140
180308128,180308296,180308306
180308279,180308308,180308313
180308312,180308464,180308473
180308455,180308627,180308637
180308616,180308793,180308803
180308792,180308963,180308974
180308950,180308975,180308980
180308985,180309133,180309144
180309113,180309146,180309151
180309158,180309303,180309311
180309289,180309313,180309319
180309320,180309472,180309482
180309448,180309483,180309488
180309480,180309641,180309651
180309625,180309653,180309658
180309656,180309809,180309820
180309785,180309821,180309825
180309816,180309978,180309991
180309958,180309992,180309996
180309993,180310146,180310154
180310120,180310155,180310160
180310150,180310315,180310323
180310282,180310324,180310330
180310313,180310483,180310493
180310459,180310495,180310499
180310490,180310653,180310661
180310648,180310819,180310829
180310791,180310831,180310836
180310822,180310991,180310999
180310985,180311000,180311006
180311016,180311161,180311168
180311111,180311170,180311173
180311160,180311330,180311338
180311318,180311340,180311344
180311350,180311500,180311511
180311479,180311513,180311517
180311511,180311669,180311677
180311657,180311678,180311684
180311688,180311837,180311850
180311829,180311851,180311859
180311871,180312006,180312014
180311995,180312016,180312022
180312025,180312176,180312188
180312154,180312189,180312196
180312186,180312345,180312357
180312318,180312359,180312366
180312381,180312511,180312520
180312496,180312521,180312528
180312533,180312679,180312686
180312657,180312687,180312693
180312679,180312846,180312858
180312826,180312859,180312865
180312861,180313014,180313027
180312986,180313028,180313034
180313018,180313185,180313193
180313160,180313195,180313197
180313193,180313350,180313360
180313327,180313361,180313366
180313355,180313517,180313527
180313481,180313528,180313531
180313515,180313685,180313697
180313657,180313698,180313701
180313697,180313855,180313864
180313818,180313865,180313870
180313857,180314020,180314032
180313996,180314034,180314039
180314025,180314187,180314195
180314153,180314196,180314200
180314189,180314356,180314368
180314312,180314369,180314374
180314371,180314524,180314539
180314521,180314541,180314544
180314557,180314694,180314707
180314685,180314709,180314715
180314712,180314859,180314869
180314829,180314870,180314878
180314858,180315027,180315037
180314988,180315039,180315044
180315028,180315194,180315210
180315165,180315211,180315218
180315196,180315364,180315376
180315356,180315378,180315383
180315386,180315525,180315533
180315513,180315535,180315539
180315565,180315692,180315702
180315664,180315704,180315709
180315693,180315859,180315868
180315851,180315870,180315875
180315884,180316026,180316038
180315995,180316039,180316045
180316027,180316194,180316204
180316186,180316205,180316210
180316215,180316362,180316367
180316312,180316368,180316374
180316360,180316530,180316537
180316488,180316538,180316544
180316520,180316545,180316551
180316552,180316698,180316709
180316683,180316711,180316717
180316712,180316865,180316877
180316855,180316879,180316884
180316888,180317034,180317046
180317015,180317047,180317051
180317046,180317202,180317211
180317194,180317212,180317217
180317230,180317370,180317384
180317352,180317386,180317391
180317385,180317537,180317548
180317514,180317550,180317556
180317560,180317704,180317717
180317689,180317719,180317723
180317720,180317872,180317881
180317849,180317882,180317886
180317880,180318040,180318051
180318024,180318052,180318058
180318056,180318207,180318217
180318184,180318219,180318223
180318215,180318375,180318386
180318365,180318387,180318393
180318391,180318543,180318554
180318523,180318555,180318562
180318554,180318707,180318720
180318682,180318721,180318727
180318712,180318873,180318881
180318857,180318883,180318889
180318887,180319039,180319049
180319020,180319050,180319056
180319047,180319210,180319222
180319193,180319224,180319228
180319226,180319375,180319387
180319354,180319388,180319395
180319382,180319543,180319553
180319511,180319555,180319559
180319558,180319711,180319723
180319687,180319725,180319729
180319723,180319878,180319889
180319850,180319890,180319895
180319884,180320046,180320058
180320029,180320059,180320066
180320056,180320213,180320224
180320184,180320226,180320230
180320218,180320381,180320392
180320362,180320394,180320398
180320398,180320547,180320555
180320523,180320557,180320561
180320552,180320715,180320721
180320681,180320723,180320729
180320714,180320882,180320896
180320859,180320898,180320902
180320890,180321052,180321059
180321020,180321060,180321065
180321050,180321215,180321225
180321197,180321227,180321232
180321226,180321379,180321394
180321355,180321395,180321399
180321387,180321539,180321553
180321518,180321554,180321561
180321561,180321697,180321708
180321692,180321709,180321714
180321721,180321860,180321870
180321849,180321872,180321876
180321883,180322030,180322043
180321996,180322044,180322049
180322032,180322196,180322205
180322187,180322207,180322212
180322220,180322365,180322379
180322316,180322381,180322386
180322369,180322533,180322546
180322523,180322547,180322550
180322557,180322700,180322713
180322687,180322714,180322719
180322716,180322869,180322883
180322858,180322885,180322889
180322892,180323037,180323051
180323022,180323052,180323057
180323051,180323204,180323217
180323196,180323219,180323223
180323229,180323371,180323385
180323354,180323387,180323391
180323389,180323538,180323553
180323517,180323554,180323560
180323565,180323702,180323717
180323691,180323719,180323722
180323725,180323864,180323877
180323852,180323878,180323883
180323884,180324026,180324038
180323998,180324039,180324045
180324029,180324191,180324202
180324187,180324204,180324209
180324217,180324359,180324369
180324317,180324371,180324375
180324366,180324526,180324534
180324523,180324535,180324540
180324556,180324694,180324703
180324686,180324705,180324710
180324716,180324862,180324867
180324832,180324869,180324875
180324859,180325031,180325042
180325024,180325043,180325049
180325050,180325197,180325210
180325165,180325212,180325216
180325198,180325365,180325379
180325356,180325380,180325385
180325386,180325532,180325544
180325520,180325546,180325551
180325573,180325699,180325714
180325693,180325715,180325720
180325723,180325863,180325874
180325848,180325876,180325880
180325882,180326024,180326039
180325994,180326040,180326045
180326027,180326188,180326203
180326152,180326204,180326209
180326188,180326352,180326367
180326313,180326369,180326373
180326363,180326521,180326535
180326491,180326537,180326544
180326520,180326689,180326702
180326683,180326703,180326709
180326728,180326857,180326869
180326826,180326870,180326874
180326857,180327022,180327036
180327018,180327038,180327043
180327049,180327185,180327199
180327164,180327201,180327207
180327192,180327352,180327365
180327326,180327367,180327374
180327351,180327519,180327532
180327513,180327534,180327537
180327561,180327686,180327701
180327657,180327702,180327706
180327691,180327854,180327867
180327848,180327868,180327873
180327889,180328020,180328037
180327993,180328039,180328044
180328030,180328189,180328204
180328155,180328205,180328212
180328196,180328356,180328372
180328335,180328373,180328380
180328360,180328518,180328531
180328491,180328532,180328539
180328571,180328683,180328703
180328671,180328705,180328713
180328727,180328848,180328865
180328824,180328866,180328874
180328869,180329012,180329029
180328995,180329030,180329036
180329042,180329179,180329194
180329156,180329196,180329201
180329180,180329346,180329360
180329334,180329362,180329367
180329363,180329504,180329518
180329461,180329520,180329524
180329513,180329666,180329683
180329640,180329685,180329692
180329670,180329833,180329848
180329821,180329849,180329855
180329851,180330000,180330014
180329996,180330015,180330021
180330028,180330163,180330177
180330156,180330178,180330184
180330190,180330325,180330339
180330322,180330341,180330347
180330363,180330490,180330504
180330460,180330506,180330511
180330494,180330657,180330671
180330653,180330673,180330678
180330687,180330824,180330839
180330802,180330840,180330846
180330830,180330993,180331007
180330991,180331008,180331014
180331021,180331158,180331173
180331119,180331174,180331180
180331164,180331322,180331336
180331295,180331337,180331344
180331329,180331483,180331498
180331452,180331500,180331505
180331485,180331645,180331659
180331630,180331660,180331666
180331662,180331810,180331824
180331790,180331826,180331831
180331823,180331974,180331989
180331970,180331990,180331996
180332001,180332140,180332154
180332129,180332156,180332161
180332158,180332304,180332319
180332280,180332320,180332325
180332314,180332467,180332479
180332460,180332481,180332486
180332489,180332632,180332645
180332616,180332647,180332652
180332655,180332798,180332813
180332794,180332814,180332820
180332824,180332962,180332976
180332954,180332977,180332983
180332984,180333121,180333135
180333115,180333136,180333141
180333163,180333279,180333294
180333254,180333296,180333299
180333288,180333438,180333449
180333415,180333450,180333454
180333448,180333600,180333610
180333592,180333612,180333616
180333624,180333764,180333776
180333752,180333777,180333781
180333785,180333928,180333941
180333912,180333943,180333947
180333960,180334092,180334104
180334087,180334105,180334109
180334119,180334256,180334265
180334249,180334268,180334272
180334281,180334420,180334429
180334394,180334431,180334434
180334425,180334585,180334593
180334554,180334594,180334598
180334587,180334749,180334763
180334712,180334765,180334768
180334762,180334911,180334924
180334889,180334925,180334931
180334921,180335077,180335092
180335051,180335093,180335098
180335082,180335241,180335252
180335226,180335253,180335258
180335256,180335406,180335418
180335385,180335419,180335424
180335416,180335568,180335581
180335561,180335582,180335586
180335592,180335734,180335746
180335722,180335747,180335752
180335753,180335899,180335911
180335884,180335913,180335918
180335913,180336063,180336075
180336059,180336076,180336081
180336089,180336224,180336236
180336220,180336237,180336242
180336250,180336381,180336394
180336363,180336396,180336402
180336396,180336540,180336552
180336522,180336553,180336558
180336555,180336702,180336714
180336684,180336716,180336721
180336718,180336867,180336881
180336858,180336883,180336887
180336891,180337029,180337043
180337021,180337045,180337051
180337052,180337193,180337205
180337164,180337206,180337211
180337199,180337358,180337372
180337323,180337373,180337377
180337358,180337523,180337535
180337485,180337537,180337541
180337522,180337686,180337698
180337661,180337699,180337703
180337694,180337850,180337862
180337821,180337864,180337869
180337855,180338014,180338029
180337998,180338030,180338034
180338028,180338178,180338190
180338154,180338191,180338195
180338191,180338341,180338356
180338323,180338358,180338362
180338348,180338505,180338515
180338492,180338517,180338521
180338526,180338662,180338675
180338654,180338677,180338682
180338687,180338819,180338835
180338796,180338836,180338839
180338829,180338977,180338992
180338959,180338993,180338998
180338989,180339140,180339151
180339118,180339152,180339156
180339149,180339304,180339319
180339296,180339321,180339325
180339323,180339469,180339482
180339454,180339484,180339488
180339486,180339632,180339645
180339601,180339647,180339651
180339630,180339797,180339810
180339788,180339811,180339815
180339827,180339959,180339973
180339952,180339975,180339981
180339996,180340124,180340138
180340096,180340139,180340144
180340123,180340289,180340300
180340258,180340302,180340307
180340288,180340450,180340464
180340428,180340465,180340471
180340461,180340612,180340624
180340591,180340626,180340633
180340625,180340774,180340789
180340762,180340790,180340796
180340799,180340936,180340951
180340915,180340952,180340960
180340957,180341096,180341113
180341060,180341115,180341123
180341122,180341256,180341275
180341251,180341276,180341285
180341299,180341412,180341430
180341383,180341432,180341438
180341413,180341572,180341586
180341552,180341588,180341593
180341571,180341734,180341748
180341712,180341749,180341756
180341741,180341895,180341911
180341885,180341912,180341918
180341919,180342057,180342071
180342029,180342073,180342078
180342061,180342221,180342235
180342193,180342236,180342242
180342222,180342382,180342396
180342348,180342398,180342404
180342396,180342540,180342555
180342521,180342556,180342561
180342553,180342697,180342710
180342683,180342711,180342718
180342715,180342859,180342874
180342825,180342875,180342880
180342856,180343022,180343036
180343017,180343037,180343043
180343048,180343180,180343195
180343146,180343196,180343202
180343179,180343340,180343355
180343322,180343356,180343362
180343355,180343498,180343513
180343481,180343515,180343519
180343516,180343656,180343672
180343630,180343673,180343679
180343657,180343815,180343828
180343786,180343830,180343835
180343817,180343975,180343989
180343946,180343991,180343997
180343977,180344137,180344150
180344124,180344152,180344158
180344153,180344299,180344311
180344281,180344313,180344318
180344314,180344462,180344475
180344430,180344476,180344483
180344459,180344621,180344635
180344618,180344637,180344643
180344649,180344780,180344793
180344747,180344795,180344801
180344778,180344938,180344951
180344923,180344953,180344959
180344955,180345095,180345102
180345049,180345103,180345108
180345101,180345260,180345277
180345226,180345278,180345283
180345264,180345418,180345434
180345390,180345435,180345441
180345416,180345575,180345587
180345559,180345589,180345594
180345579,180345737,180345751
180345726,180345752,180345758
180345751,180345898,180345909
180345884,180345910,180345916
180345913,180346062,180346072
180346056,180346074,180346077
180346092,180346225,180346239
180346221,180346240,180346247
180346250,180346387,180346400
180346380,180346401,180346407
180346425,180346550,180346561
180346523,180346563,180346567
180346558,180346713,180346729
180346684,180346730,180346734
180346715,180346874,180346887
180346859,180346888,180346893
180346890,180347037,180347051
180347018,180347052,180347058
180347049,180347199,180347210
180347182,180347212,180347218
180347228,180347360,180347372
180347355,180347373,180347376
180347386,180347521,180347531
180347514,180347533,180347538
180347547,180347684,180347695
180347661,180347696,180347702
180347691,180347847,180347858
180347823,180347859,180347864
180347855,180348012,180348028
180347981,180348030,180348035
180348034,180348173,180348188
180348157,180348189,180348193
180348186,180348337,180348349
180348316,180348351,180348355
180348344,180348500,180348511
180348489,180348512,180348517
180348522,180348664,180348677
180348651,180348679,180348684
180348680,180348831,180348844
180348779,180348845,180348850
180348836,180348994,180349008
180348986,180349010,180349015
180349016,180349160,180349170
180349145,180349172,180349175
180349178,180349324,180349337
180349321,180349338,180349343
180349354,180349490,180349503
180349485,180349504,180349510
180349512,180349655,180349665
180349632,180349667,180349672
180349663,180349820,180349828
180349787,180349829,180349835
180349818,180349985,180349990
180349914,180349991,180349997
180349978,180349998,180350002
180350023,180350152,180350157
180350122,180350158,180350162
180350154,180350318,180350323
180350283,180350325,180350329
180350317,180350483,180350493
180350458,180350495,180350501
180350491,180350649,180350658
180350617,180350659,180350664
180350650,180350813,180350820
180350810,180350821,180350827
180350857,180350979,180350986
180350957,180350987,180350992
180350983,180351145,180351152
180351114,180351154,180351158
180351147,180351309,180351315
180351294,180351317,180351324
180351320,180351474,180351481
180351448,180351483,180351488
180351483,180351640,180351649
180351610,180351651,180351655
180351657,180351805,180351815
180351786,180351817,180351822
180351820,180351971,180351978
180351949,180351979,180351986
180351979,180352137,180352142
180352127,180352143,180352150
180352153,180352305,180352316
180352282,180352318,180352321
180352315,180352471,180352480
180352460,180352482,180352486
180352491,180352637,180352643
180352622,180352644,180352650
180352649,180352803,180352810
180352779,180352811,180352815
180352814,180352967,180352974
180352943,180352976,180352981
180352982,180353133,180353140
180353095,180353141,180353147
180353133,180353298,180353307
180353293,180353308,180353313
180353323,180353475,180353482
180353452,180353483,180353487
180353482,180353638,180353647
180353613,180353649,180353653
180353661,180353803,180353807
180353793,180353808,180353816
180353820,180353968,180353975
180353949,180353976,180353982
180353981,180354133,180354137
180354117,180354139,180354144
180354127,180354145,180354149
180354158,180354297,180354306
180354280,180354307,180354311
180354315,180354461,180354468
180354410,180354469,180354474
180354459,180354625,180354630
180354618,180354631,180354636
180354648,180354790,180354798
180354776,180354800,180354803
180354811,180354957,180354964
180354920,180354965,180354969
180354956,180355123,180355129
180355051,180355130,180355136
180355119,180355137,180355142
180355145,180355290,180355295
180355260,180355296,180355301
180355289,180355455,180355460
180355451,180355461,180355466
180355479,180355620,180355625
180355609,180355626,180355630
180355658,180355787,180355794
180355752,180355795,180355799
180355787,180355952,180355959
180355946,180355960,180355965
180355976,180356118,180356125
180356091,180356127,180356131
180356120,180356284,180356289
180356250,180356291,180356294
180356283,180356450,180356462
180356409,180356464,180356467
180356459,180356615,180356623
180356587,180356624,180356629
180356617,180356780,180356784
180356715,180356786,180356792
180356744,180356793,180356797
180356779,180356946,180356958
180356921,180356959,180356963
180356955,180357111,180357123
180357083,180357124,180357129
180357113,180357278,180357288
180357241,180357289,180357292
180357289,180357443,180357454
180357416,180357456,180357460
180357451,180357609,180357620
180357584,180357622,180357628
180357609,180357774,180357785
180357760,180357786,180357791
180357790,180357939,180357949
180357914,180357950,180357954
180357948,180358104,180358116
180358090,180358118,180358121
180358125,180358269,180358281
180358252,180358283,180358287
180358281,180358433,180358444
180358413,180358446,180358451
180358444,180358598,180358609
180358586,180358611,180358615
180358618,180358761,180358771
180358746,180358773,180358777
180358779,180358927,180358938
180358892,180358939,180358944
180358925,180359091,180359103
180359084,180359105,180359109
180359117,180359257,180359268
180359246,180359270,180359275
180359291,180359423,180359433
180359389,180359434,180359438
180359421,180359587,180359596
180359583,180359597,180359601
180359612,180359754,180359766
180359725,180359768,180359773
180359759,180359920,180359935
180359886,180359936,180359941
180359917,180360082,180360094
180360047,180360095,180360099
180360093,180360241,180360254
180360223,180360255,180360261
180360253,180360402,180360414
180360381,180360415,180360421
180360414,180360561,180360574
180360557,180360575,180360580
180360588,180360721,180360734
180360718,180360736,180360740
180360753,180360881,180360893
180360848,180360895,180360899
180360894,180361045,180361057
180361022,180361058,180361063
180361057,180361210,180361221
180361183,180361222,180361228
180361215,180361377,180361388
180361357,180361390,180361394
180361390,180361543,180361555
180361521,180361556,180361563
180361551,180361704,180361717
180361681,180361719,180361724
180361727,180361867,180361880
180361857,180361882,180361886
180361887,180362029,180362042
180362014,180362043,180362048
180362046,180362193,180362206
180362191,180362208,180362212
180362218,180362362,180362371
180362348,180362373,180362378
180362381,180362525,180362539
180362480,180362540,180362545
180362523,180362688,180362700
180362683,180362702,180362707
180362713,180362851,180362864
180362844,180362866,180362872
180362875,180363013,180363028
180362987,180363029,180363035
180363018,180363176,180363189
180363147,180363190,180363195
180363179,180363338,180363352
180363325,180363354,180363360
180363355,180363499,180363513
180363485,180363515,180363520
180363516,180363658,180363671
180363645,180363674,180363678
180363676,180363818,180363831
180363788,180363832,180363838
180363818,180363983,180363995
180363979,180363997,180364001
180364010,180364145,180364158
180364123,180364159,180364164
180364154,180364307,180364320
180364283,180364321,180364327
180364315,180364469,180364484
180364443,180364485,180364489
180364475,180364631,180364644
180364620,180364645,180364651
180364653,180364795,180364811
180364778,180364812,180364817
180364810,180364959,180364973
180364924,180364975,180364979
180364958,180365120,180365132
180365114,180365134,180365137
180365147,180365283,180365296
180365274,180365298,180365302
180365330,180365446,180365460
180365421,180365461,180365465
180365451,180365610,180365622
180365578,180365623,180365628
180365614,180365775,180365787
180365757,180365789,180365793
180365786,180365936,180365948
180365915,180365949,180365954
180365949,180366101,180366116
180366078,180366117,180366121
180366106,180366262,180366272
180366252,180366273,180366278
180366284,180366425,180366437
180366416,180366439,180366445
180366443,180366589,180366601
180366586,180366602,180366607
180366620,180366755,180366768
180366753,180366770,180366774
180366780,180366918,180366931
180366877,180366932,180366938
180366927,180367083,180367097
180367053,180367099,180367104
180367085,180367248,180367259
180367213,180367260,180367266
180367247,180367414,180367428
180367395,180367430,180367436
180367421,180367575,180367585
180367555,180367586,180367592
180367579,180367738,180367748
180367708,180367750,180367753
180367761,180367901,180367918
180367886,180367919,180367923
180367920,180368063,180368076
180368051,180368078,180368083
180368079,180368225,180368240
180368221,180368241,180368246
180368252,180368389,180368402
180368378,180368403,180368408
180368413,180368552,180368564
180368507,180368566,180368571
180368557,180368716,180368728
180368682,180368730,180368734
180368715,180368879,180368894
180368874,180368895,180368901
180368907,180369040,180369053
180369022,180369055,180369061
180369050,180369202,180369216
180369178,180369217,180369221
180369211,180369363,180369375
180369357,180369376,180369382
180369386,180369522,180369534
180369513,180369535,180369539
180369547,180369679,180369690
180369676,180369692,180369697
180369706,180369844,180369857
180369819,180369858,180369863
180369851,180370002,180370014
180369979,180370016,180370021
180370012,180370163,180370177
180370155,180370179,180370184
180370186,180370323,180370337
180370314,180370339,180370344
180370350,180370486,180370502
180370480,180370504,180370509
180370514,180370649,180370663
180370618,180370664,180370669
180370650,180370813,180370828
180370778,180370829,180370834
180370814,180370979,180370997
180370939,180370998,180371005
180370987,180371139,180371153
180371114,180371155,180371160
180371146,180371296,180371309
180371271,180371310,180371315
180371305,180371458,180371470
180371450,180371471,180371476
180371482,180371622,180371636
180371611,180371638,180371642
180371642,180371788,180371801
180371784,180371803,180371806
180371819,180371955,180371968
180371947,180371969,180371974
180371979,180372120,180372132
180372108,180372134,180372138
180372144,180372286,180372303
180372250,180372304,180372308
180372286,180372452,180372466
180372444,180372467,180372472
180372476,180372616,180372628
180372592,180372630,180372638
180372620,180372783,180372796
180372748,180372797,180372801
180372783,180372944,180372959
180372908,180372961,180372965
180372942,180373104,180373116
180373085,180373118,180373121
180373122,180373263,180373275
180373247,180373277,180373282
180373279,180373423,180373437
180373391,180373438,180373443
180373423,180373581,180373595
180373554,180373596,180373601
180373584,180373742,180373754
180373709,180373756,180373761
180373743,180373899,180373911
180373893,180373912,180373920
180373917,180374057,180374066
180374044,180374067,180374071
180374076,180374219,180374233
180374193,180374235,180374239
180374225,180374380,180374393
180374348,180374394,180374397
180374384,180374543,180374558
180374510,180374559,180374563
180374545,180374702,180374717
180374689,180374718,180374723
180374720,180374865,180374881
180374844,180374882,180374885
180374877,180375028,180375039
180375024,180375040,180375045
180375053,180375189,180375201
180375184,180375202,180375208
180375213,180375352,180375363
180375343,180375364,180375370
180375375,180375516,180375531
180375494,180375532,180375536
180375521,180375681,180375694
180375646,180375695,180375701
180375684,180375841,180375854
180375819,180375855,180375859
180375851,180376000,180376012
180375979,180376014,180376020
180376011,180376157,180376170
180376139,180376171,180376177
180376170,180376318,180376329
180376312,180376330,180376334
180376348,180376483,180376495
180376477,180376496,180376503
180376506,180376648,180376661
180376620,180376662,180376668
180376652,180376809,180376821
180376779,180376822,180376828
180376811,180376973,180376986
180376939,180376987,180376991
180376972,180377137,180377151
180377115,180377153,180377158
180377147,180377300,180377313
180377277,180377314,180377320
180377306,180377465,180377477
180377448,180377478,180377483
180377484,180377629,180377643
180377610,180377645,180377650
180377643,180377794,180377808
180377771,180377809,180377813
180377820,180377958,180377972
180377948,180377974,180377978
180377978,180378122,180378136
180378107,180378137,180378143
180378139,180378286,180378300
180378259,180378301,180378308
180378288,180378447,180378459
180378443,180378460,180378466
180378475,180378612,180378626
180378572,180378627,180378632
180378619,180378776,180378788
180378747,180378789,180378795
180378780,180378941,180378955
180378909,180378957,180378961
180378940,180379104,180379116
180379085,180379117,180379123
180379116,180379266,180379278
180379245,180379279,180379284
180379275,180379432,180379444
180379421,180379445,180379450
180379453,180379594,180379606
180379582,180379608,180379614
180379614,180379758,180379774
180379742,180379776,180379780
180379773,180379918,180379933
180379888,180379934,180379939
180379917,180380079,180380093
180380075,180380094,180380100
180380109,180380240,180380253
180380208,180380255,180380261
180380253,180380399,180380413
180380381,180380414,180380419
180380412,180380561,180380573
180380541,180380574,180380578
180380573,180380726,180380742
180380722,180380743,180380747
180380752,180380890,180380904
180380881,180380905,180380910
180380913,180381055,180381070
180381005,180381072,180381075
180381057,180381220,180381234
180381214,180381235,180381240
180381246,180381381,180381393
180381344,180381394,180381399
180381379,180381543,180381557
180381520,180381558,180381564
180381549,180381703,180381716
180381680,180381717,180381722
180381710,180381861,180381875
180381854,180381876,180381881
180381890,180382020,180382033
180382014,180382034,180382039
180382047,180382177,180382191
180382175,180382193,180382197
180382208,180382341,180382353
180382319,180382354,180382358
180382351,180382504,180382516
180382478,180382517,180382521
180382510,180382668,180382679
180382655,180382681,180382685
180382688,180382833,180382848
180382814,180382849,180382853
180382845,180382997,180383008
180382977,180383009,180383015
180383014,180383161,180383175
180383153,180383177,180383183
180383183,180383326,180383339
180383312,180383340,180383346
180383343,180383489,180383502
180383455,180383503,180383509
180383488,180383652,180383664
180383649,180383666,180383671
180383682,180383816,180383830
180383807,180383831,180383836
180383855,180383981,180383992
180383952,180383994,180383998
180383986,180384144,180384160
180384116,180384161,180384165
180384148,180384309,180384322
180384284,180384324,180384328
180384315,180384471,180384485
180384445,180384486,180384491
