frameId,receiveTimeMs,decodeStartMs,decodeFinishMs
1265113328,190804090,190804184,190804185
1265116298,190804127,190804187,190804188
1265119178,190804156,190804208,190804209 
1265122058,190804189,190804368,190804372
1265130698,190804282,190804374,190804377
1265133578,190804320,190804378,190804379
1265137898,190804364,190804530,190804533
1265140778,190804397,190804534,190804536
1265146538,190804459,190804537,190804538
1265149328,190804496,190804696,190804701
1265163818,190804653,190804702,190804704
1265166698,190804689,190804857,190804861
1265176778,190804804,190804863,190804865
1265179568,190804837,190805017,190805021
1265188298,190804927,190805023,190805024
1265191178,190804958,190805025,190805026
1265193968,190804989,190805179,190805184
1265202698,190805088,190805186,190805189
1265209898,190805171,190805342,190805348
1265221418,190805297,190805350,190805353
1265224298,190805327,190805503,190805509
1265235818,190805458,190805511,190805514
1265238698,190805487,190805666,190805671
1265248778,190805603,190805673,190805675
1265251658,190805633,190805827,190805832
1265257418,190805695,190805834,190805838
1265266058,190805789,190805992,190805995
1265271818,190805855,190805997,190806000
1265281898,190805966,190806157,190806162
1265293328,190806093,190806164,190806166
1265296298,190806123,190806320,190806325
1265307818,190806255,190806327,190806329
1265310698,190806289,190806483,190806489
1265323658,190806430,190806490,190806493
1265326448,190806469,190806647,190806654
1265337968,190806592,190806655,190806657
1265340938,190806622,190806810,190806816
1265353808,190806769,190806818,190806820
1265356778,190806803,190806972,190806978
1265368298,190806924,190806979,190806982
1265371178,190806957,190807134,190807138
1265382698,190807088,190807139,190807142
1265385578,190807120,190807299,190807304
1265398538,190807261,190807462,190807467
1265412938,190807420,190807624,190807629
1265425898,190807570,190807630,190807634
1265428778,190807598,190807785,190807786
1265431658,190807628,190807799,190807801
1265440298,190807725,190807802,190807803
1265443088,190807758,190807951,190807958
1265458928,190807939,190808116,190808123
1265470448,190808060,190808125,190808128
1265473328,190808091,190808278,190808284
1265484848,190808224,190808286,190808289
1265487728,190808257,190808440,190808449
1265500688,190808395,190808450,190808453
1265503568,190808428,190808603,190808611
1265515178,190808562,190808613,190808616
1265517968,190808586,190808765,190808774
1265529488,190808717,190808775,190808779
1265533808,190808768,190808927,190808937
1265545328,190808896,190808938,190808942
1265548208,190808927,190809088,190809099
1265562608,190809082,190809248,190809257
1265575568,190809227,190809259,190809262
1265578448,190809264,190809410,190809421
1265589968,190809386,190809422,190809425
1265593208,190809423,190809571,190809580
1265605898,190809564,190809731,190809738
1265620208,190809727,190809890,190809899
1265634608,190809886,190810053,190810063
1265647568,190810027,190810064,190810067
1265650448,190810058,190810217,190810225
1265661968,190810192,190810227,190810231
1265664848,190810218,190810379,190810386
1265677808,190810368,190810388,190810391
1265680688,190810394,190810542,190810550
1265692208,190810530,190810551,190810556
1265695088,190810553,190810704,190810711
1265706608,190810680,190810712,190810715
1265710928,190810733,190810864,190810872
1265722448,190810862,190810873,190810877
1265725328,190810891,190811026,190811028
1265733968,190810990,190811030,190811033
1265736848,190811030,190811188,190811200
1265749808,190811163,190811202,190811204
1265752688,190811214,190811350,190811361
1265764208,190811323,190811362,190811364
1265767088,190811360,190811511,190811522
1265778608,190811488,190811523,190811525
1265782928,190811532,190811675,190811685
1265794448,190811656,190811687,190811689
1265797328,190811692,190811835,190811846
1265808848,190811815,190811847,190811849
1265811728,190811849,190811996,190812004
1265824688,190811992,190812005,190812008
1265827568,190812022,190812159,190812166
1265839088,190812152,190812168,190812170
1265841968,190812182,190812321,190812329
1265850698,190812280,190812330,190812332
1265854928,190812327,190812483,190812490
1265866448,190812456,190812491,190812493
1265869328,190812496,190812645,190812655
1265880848,190812616,190812656,190812659
1265883728,190812650,190812805,190812814
1265896688,190812793,190812816,190812819
1265899568,190812822,190812967,190812974
1265911178,190812958,190812976,190812981
1265913968,190812982,190813131,190813138
1265922608,190813084,190813140,190813144
1265926928,190813133,190813291,190813301
1265938448,190813255,190813302,190813305
1265941328,190813292,190813455,190813466
1265955728,190813452,190813467,190813471
1265958608,190813478,190813623,190813630
1265968688,190813593,190813632,190813635
1265971568,190813625,190813788,190813796
1265983088,190813751,190813797,190813799
1265985968,190813787,190813951,190813960
1265998928,190813935,190813962,190813966
1266001808,190813961,190814115,190814124
1266013328,190814087,190814125,190814128
1266016208,190814123,190814277,190814288
1266027728,190814250,190814289,190814292
1266030608,190814282,190814441,190814444
1266040688,190814396,190814445,190814449
1266043568,190814423,190814451,190814453
1266046448,190814460,190814605,190814615
1266057968,190814586,190814616,190814620
1266060848,190814614,190814768,190814776
1266073808,190814765,190814777,190814782
1266076688,190814791,190814930,190814939
1266088208,190814924,190814940,190814945
1266091088,190814952,190815095,190815102
1266102608,190815081,190815104,190815107
1266106928,190815127,190815260,190815268
1266115568,190815224,190815269,190815271
1266118448,190815260,190815422,190815433
1266129968,190815389,190815435,190815438
1266132848,190815426,190815584,190815596
1266145808,190815560,190815598,190815599
1266148688,190815598,190815748,190815758
1266160208,190815727,190815760,190815763
1266163088,190815765,190815910,190815921
1266174608,190815883,190815923,190815925
1266178928,190815933,190816073,190816084
1266190448,190816065,190816086,190816089
1266193328,190816094,190816237,190816247
1266204848,190816222,190816248,190816250
1266207728,190816255,190816400,190816409
1266220688,190816397,190816411,190816414
1266223568,190816426,190816564,190816572
1266235088,190816557,190816574,190816577
1266237968,190816588,190816727,190816735
1266249488,190816716,190816737,190816739
1266253808,190816764,190816890,190816898
1266262448,190816865,190816900,190816903
1266265328,190816891,190817053,190817062
1266276848,190817022,190817063,190817066
1266279728,190817067,190817218,190817226
1266292688,190817199,190817228,190817230
1266295568,190817230,190817381,190817390
1266307088,190817364,190817392,190817394
1266309968,190817387,190817545,190817553
1266321488,190817520,190817555,190817558
1266325808,190817563,190817708,190817718
1266337418,190817695,190817719,190817722
1266340208,190817727,190817871,190817882
1266351728,190817854,190817883,190817886
1266354608,190817889,190818034,190818045
1266367568,190818026,190818046,190818049
1266370448,190818059,190818199,190818207
1266381968,190818192,190818208,190818212
1266384848,190818222,190818362,190818372
1266394928,190818336,190818373,190818376
1266397808,190818363,190818527,190818535
1266409328,190818494,190818536,190818539
1266412208,190818528,190818690,190818698
1266423728,190818657,190818700,190818702
1266426608,190818688,190818852,190818860
1266439568,190818832,190818861,190818864
1266442448,190818864,190819016,190819024
1266454058,190818990,190819025,190819028
1266456848,190819027,190819178,190819187
1266469808,190819166,190819188,190819191
1266472778,190819199,190819342,190819350
1266484208,190819329,190819351,190819354
1266487088,190819357,190819506,190819514
1266495818,190819454,190819515,190819517
1266500048,190819504,190819669,190819675
1266514448,190819660,190819677,190819679
1266517418,190819693,190819832,190819840
1266528848,190819821,190819842,190819844
1266531818,190819857,190819995,190820003
1266541808,190819966,190820005,190820008
1266544778,190819997,190820159,190820166
1266556208,190820128,190820168,190820170
1266559178,190820160,190820321,190820330
1266572048,190820303,190820332,190820335
1266575018,190820334,190820485,190820493
1266586448,190820461,190820495,190820497
1266589418,190820499,190820648,190820657
1266600848,190820621,190820658,190820661
1266603818,190820655,190820811,190820820
1266616778,190820802,190820822,190820825
1266619658,190820830,190820974,190820984
1266631088,190820958,190820986,190820988
1266634058,190820990,190821140,190821146
1266642698,190821088,190821147,190821150
1266646928,190821160,190821302,190821308
1266661418,190821295,190821309,190821312
1266664298,190821325,190821463,190821470
1266675728,190821453,190821472,190821474
1266678698,190821484,190821627,190821634
1266688688,190821598,190821635,190821637
1266691568,190821628,190821790,190821797
1266703178,190821757,190821799,190821801
1266706058,190821792,190821955,190821963
1266719018,190821945,190821964,190821969
1266721898,190821962,190822118,190822124
1266733418,190822093,190822125,190822128
1266736298,190822130,190822283,190822291
1266747908,190822254,190822292,190822295
1266750698,190822288,190822445,190822454
1266763568,190822435,190822455,190822459
1266766448,190822459,190822609,190822615
1266778058,190822598,190822617,190822621
1266780938,190822624,190822771,190822780
1266793808,190822761,190822782,190822784
1266796778,190822799,190822934,190822941
1266808298,190822929,190822942,190822946
1266811178,190822955,190823098,190823104
1266819818,190823059,190823105,190823108
1266822698,190823086,190823109,190823112
1266826928,190823137,190823260,190823269
1266835658,190823232,190823270,190823274
1266838538,190823260,190823425,190823433
1266850058,190823388,190823435,190823437
1266852938,190823426,190823586,190823594
1266865898,190823570,190823596,190823599
1266868778,190823595,190823749,190823757
1266880298,190823727,190823758,190823762
1266883178,190823756,190823912,190823921
1266896048,190823901,190823922,190823924
1266899018,190823935,190824077,190824088
1266910538,190824066,190824089,190824094
1266913418,190824092,190824240,190824248
1266924938,190824227,190824250,190824253
1266927818,190824252,190824404,190824411
1266937898,190824369,190824413,190824416
1266940778,190824405,190824567,190824579
1266955178,190824556,190824581,190824583
1266958058,190824592,190824732,190824743
1266966698,190824685,190824745,190824747
1266971018,190824737,190824895,190824906
1266982538,190824864,190824908,190824912
1266985418,190824893,190825058,190825066
1266996938,190825022,190825068,190825070
1266999818,190825060,190825221,190825232
1267012778,190825195,190825233,190825236
1267015658,190825232,190825384,190825395
1267027178,190825365,190825397,190825400
1267030058,190825388,190825548,190825556
1267043018,190825541,190825558,190825561
1267045808,190825567,190825711,190825723
1267057418,190825692,190825724,190825726
1267060298,190825729,190825874,190825885
1267071818,190825853,190825886,190825888
1267074698,190825884,190826037,190826046
1267087568,190826030,190826048,190826050
1267090538,190826064,190826201,190826212
1267102058,190826197,190826213,190826218
1267104848,190826219,190826363,190826370
1267114928,190826334,190826372,190826375
1267117898,190826364,190826527,190826536
1267129418,190826493,190826537,190826540
1267132298,190826527,190826691,190826701
1267146788,190826688,190826702,190826705
1267150928,190826737,190826853,190826864
1267159658,190826832,190826865,190826868
1267162538,190826862,190827017,190827026
1267174058,190826989,190827028,190827030
1267176938,190827027,190827179,190827187
1267189898,190827166,190827189,190827191
1267192778,190827197,190827343,190827352
1267204208,190827327,190827353,190827357
1267207178,190827358,190827505,190827514
1267218698,190827491,190827516,190827520
1267221578,190827516,190827670,190827678
1267234538,190827660,190827679,190827683
1267237418,190827701,190827832,190827845
1267248938,190827820,190827846,190827848
1267251818,190827853,190827996,190828006
1267261898,190827971,190828007,190828011
1267264688,190827997,190828160,190828169
1267276298,190828125,190828170,190828173
1267279178,190828158,190828322,190828330
1267293578,190828317,190828332,190828335
1267297898,190828363,190828486,190828494
1267306538,190828459,190828496,190828498
1267309418,190828499,190828649,190828660
1267320938,190828622,190828662,190828664
1267323818,190828656,190828813,190828825
1267336688,190828802,190828826,190828830
1267339568,190828830,190828976,190828986
1267351178,190828958,190828987,190828990
1267354058,190828998,190829140,190829151
1267365578,190829126,190829152,190829157
1267369898,190829164,190829302,190829310
1267381418,190829299,190829312,190829316
1267384298,190829322,190829466,190829474
1267395818,190829454,190829475,190829477
1267398698,190829490,190829629,190829641
1267408778,190829598,190829643,190829645
1267411568,190829636,190829793,190829805
1267426058,190829789,190829806,190829809
1267428938,190829823,190829956,190829966
1267437578,190829915,190829968,190829970
1267441898,190829971,190830119,190830131
1267453418,190830099,190830133,190830137
1267456298,190830121,190830283,190830287
1267467818,190830258,190830288,190830291
1267470698,190830283,190830446,190830453
1267483568,190830428,190830455,190830457
1267486448,190830461,190830609,190830619
1267498058,190830592,190830622,190830624
1267500848,190830625,190830774,190830782
1267514078,190830771,190830784,190830786
1267516778,190830801,190830936,190830948
1267528208,190830931,190830949,190830954
1267531178,190830956,190831099,190831106
1267542698,190831093,190831108,190831113
1267545578,190831117,190831263,190831272
1267558538,190831260,190831274,190831276
1267561418,190831298,190831426,190831437
1267572938,190831422,190831438,190831441
1267575728,190831453,190831590,190831600
1267584458,190831550,190831601,190831604
1267588778,190831601,190831753,190831765
1267600208,190831723,190831766,190831769
1267603178,190831755,190831916,190831925
1267614698,190831886,190831927,190831931
1267617578,190831915,190832081,190832089
1267630538,190832061,190832090,190832093
1267633418,190832099,190832244,190832255
1267644938,190832225,190832256,190832258
1267647818,190832255,190832406,190832416
1267660778,190832398,190832418,190832420
1267663658,190832433,190832566,190832577
1267675178,190832556,190832579,190832581
1267678058,190832596,190832727,190832738
1267689578,190832718,190832739,190832742
1267693898,190832768,190832888,190832897
1267702448,190832861,190832899,190832901
1267705418,190832892,190833049,190833058
1267716938,190833021,190833060,190833063
1267719818,190833061,190833210,190833222
1267732778,190833200,190833224,190833227
1267735568,190833231,190833372,190833383
1267747178,190833357,190833385,190833387
1267749968,190833389,190833533,190833541
1267761488,190833515,190833543,190833546
1267764458,190833554,190833697,190833709
1267777418,190833692,190833710,190833712
1267780298,190833722,190833862,190833871
1267791818,190833851,190833873,190833875
1267794698,190833890,190834025,190834036
1267804778,190834007,190834038,190834041
1267807658,190834028,190834189,190834197
1267819178,190834155,190834198,190834201
1267822058,190834194,190834352,190834361
1267833578,190834316,190834362,190834365
1267836458,190834358,190834516,190834527
1267849418,190834494,190834528,190834531
1267852298,190834525,190834680,190834688
1267863818,190834658,190834689,190834693
1267866698,190834684,190834845,190834853
1267879748,190834838,190834855,190834866
1267882538,190834861,190835006,190835015
1267894058,190834992,190835017,190835021
1267896938,190835027,190835170,190835178
1267908458,190835153,190835180,190835183
1267912778,190835199,190835333,190835343
1267924298,190835328,190835345,190835349
1267927178,190835354,190835497,190835505
1267938698,190835485,190835506,190835508
1267941578,190835522,190835661,190835670
1267951658,190835634,190835672,190835675
1267954538,190835660,190835823,190835832
1267968938,190835820,190835833,190835835
1267971818,190835856,190835988,190835997
1267980458,190835951,190835999,190836002
1267984688,190835996,190836150,190836157
1267996298,190836127,190836160,190836164
1267999178,190836160,190836315,190836324
1268010698,190836283,190836326,190836328
1268013578,190836320,190836477,190836486
1268026448,190836459,190836488,190836490
1268029328,190836494,190836640,190836646
1268040938,190836632,190836647,190836651
1268043818,190836651,190836802,190836808
1268055338,190836786,190836810,190836815
1268059568,190836827,190836963,190836971
1268071178,190836956,190836972,190836974
1268074058,190836991,190837125,190837135
1268082788,190837090,190837137,190837139
1268085668,190837127,190837285,190837296
1268098448,190837270,190837297,190837301
1268101418,190837294,190837448,190837456
1268112938,190837421,190837458,190837460
1268115818,190837457,190837609,190837619
1268127338,190837583,190837621,190837624
1268131658,190837630,190837772,190837781
1268143178,190837756,190837783,190837785
1268145968,190837793,190837931,190837942
1268157578,190837922,190837944,190837948
1268160458,190837951,190838093,190838103
1268170538,190838068,190838105,190838109
1268173418,190838093,190838256,190838265
1268184938,190838226,190838266,190838270
1268187818,190838256,190838420,190838431
1268199338,190838380,190838432,190838435
1268203658,190838429,190838582,190838590
1268215178,190838557,190838592,190838594
1268217968,190838592,190838745,190838756
1268229578,190838718,190838758,190838760
1268232368,190838753,190838905,190838915
1268245328,190838900,190838917,190838920
1268248298,190838926,190839067,190839075
1268259728,190839056,190839076,190839081
1268262698,190839086,190839230,190839237
1268271338,190839183,190839238,190839240
1268275658,190839231,190839392,190839402
1268290058,190839388,190839404,190839406
1268292848,190839420,190839553,190839561
1268304458,190839546,190839563,190839564
1268307338,190839584,190839716,190839726
1268317418,190839698,190839727,190839731
1268320298,190839725,190839875,190839886
1268331818,190839856,190839887,190839890
1268334698,190839886,190840038,190840048
1268347568,190840030,190840050,190840052
1268350448,190840065,190840197,190840206
1268361968,190840193,190840207,190840211
1268364938,190840219,190840358,190840366
1268376458,190840355,190840367,190840371
1268379338,190840378,190840520,190840528
1268389418,190840494,190840529,190840531
1268392298,190840530,190840682,190840693
1268403818,190840652,190840694,190840696
1268406698,190840691,190840844,190840855
1268419748,190840832,190840856,190840858
1268422628,190840865,190841005,190841009
1268434058,190840993,190841010,190841014
1268436938,190841019,190841166,190841171
1268448458,190841149,190841173,190841175
1268451338,190841183,190841329,190841333
1268461418,190841294,190841334,190841337
1268464298,190841327,190841492,190841496
1268475818,190841450,190841497,190841499
1268478698,190841490,190841651,190841659
1268490218,190841612,190841661,190841663
1268494538,190841664,190841815,190841823
1268506058,190841788,190841825,190841827
1268508848,190841824,190841976,190841981
1268520458,190841954,190841982,190841985
1268523338,190841980,190842137,190842141
1268533328,190842095,190842143,190842145
1268536208,190842127,190842146,190842149
1268539178,190842165,190842298,190842302
1268550698,190842290,190842304,190842307
1268553578,190842316,190842461,190842464
1268562218,190842411,190842465,190842467
1268566448,190842461,190842623,190842628
1268577968,190842597,190842629,190842632
1268580848,190842626,190842784,190842788
1268592368,190842752,190842789,190842792
1268595248,190842786,190842946,190842951
1268608298,190842930,190842953,190842956
1268611088,190842955,190843105,190843110
1268622698,190843089,190843111,190843114
1268625488,190843117,190843268,190843273
1268637098,190843249,190843274,190843276
1268641418,190843294,190843429,190843432
1268649968,190843394,190843433,190843436
1268652848,190843421,190843437,190843440
1268655728,190843454,190843591,190843596
1268667338,190843581,190843597,190843600
1268670128,190843615,190843755,190843764
1268680208,190843725,190843766,190843768
1268683178,190843766,190843918,190843924
1268694608,190843885,190843926,190843928
1268697488,190843917,190844082,190844088
1268709098,190844047,190844089,190844092
1268713418,190844096,190844245,190844255
1268724848,190844222,190844257,190844260
1268727728,190844254,190844406,190844412
1268739338,190844384,190844414,190844417
1268742128,190844417,190844570,190844574
1268755178,190844559,190844575,190844578
1268757968,190844589,190844733,190844738
1268769578,190844720,190844739,190844742
1268772368,190844752,190844896,190844900
1268781098,190844850,190844901,190844904
1268785328,190844895,190845058,190845063
1268799728,190845055,190845065,190845068
1268802608,190845090,190845221,190845226
1268814128,190845214,190845227,190845230
1268817098,190845244,190845384,190845393
1268827178,190845359,190845395,190845397
1268829968,190845387,190845546,190845553
1268841488,190845519,190845554,190845557
1268844458,190845555,190845709,190845717
1268857418,190845692,190845718,190845721
1268860208,190845730,190845870,190845879
1268871818,190845851,190845880,190845883
1268874698,190845885,190846033,190846041
1268886218,190846021,190846043,190846046
1268889098,190846045,190846197,190846205
1268901968,190846189,190846206,190846208
1268904938,190846225,190846358,190846367
1268916458,190846348,190846368,190846370
1268919338,190846391,190846520,190846530
1268929418,190846499,190846531,190846536
1268932208,190846527,190846682,190846690
1268943818,190846650,190846692,190846694
1268946698,190846689,190846845,190846855
1268958218,190846811,190846857,190846859
1268961098,190846854,190847005,190847016
1268974058,190846991,190847017,190847021
1268976938,190847019,190847167,190847174
1268988458,190847149,190847175,190847177
1268991338,190847189,190847330,190847341
1269004298,190847326,190847342,190847344
1269007178,190847363,190847494,190847504
1269015818,190847452,190847505,190847508
1269018698,190847491,190847656,190847667
1269033098,190847645,190847668,190847670
1269037418,190847693,190847818,190847826
1269046058,190847790,190847827,190847830
1269048848,190847825,190847979,190847988
1269060458,190847950,190847989,190847993
1269063248,190847984,190848140,190848147
1269076208,190848129,190848149,190848152
1269079178,190848164,190848304,190848310
1269090698,190848286,190848312,190848314
1269093488,190848317,190848468,190848476
1269105098,190848447,190848477,190848480
1269107888,190848477,190848629,190848637
1269117968,190848588,190848638,190848641
1269120938,190848627,190848791,190848802
1269135248,190848780,190848803,190848805
1269138218,190848813,190848952,190848958
1269148298,190848925,190848959,190848962
1269151178,190848956,190849114,190849122
1269162608,190849086,190849123,190849126
1269165488,190849121,190849276,190849282
1269177008,190849252,190849284,190849287
1269179978,190849278,190849437,190849446
1269192848,190849428,190849448,190849451
1269195818,190849457,190849598,190849606
1269207248,190849586,190849608,190849611
1269210128,190849615,190849760,190849769
1269218768,190849713,190849771,190849773
1269223088,190849761,190849921,190849929
1269234608,190849888,190849931,190849933
1269237488,190849920,190850083,190850091
1269251978,190850080,190850093,190850095
1269254858,190850113,190850245,190850253
1269264848,190850221,190850254,190850257
1269267818,190850254,190850407,190850414
1269279248,190850382,190850415,190850419
1269282218,190850414,190850570,190850577
1269295088,190850559,190850580,190850582
1269297968,190850592,190850732,190850740
1269309578,190850721,190850742,190850745
1269312458,190850752,190850892,190850899
1269323978,190850878,190850900,190850903
1269328208,190850926,190851055,190851063
1269336938,190851022,190851065,190851067
1269339818,190851064,190851216,190851225
1269351338,190851183,190851226,190851229
1269354218,190851213,190851377,190851383
1269367178,190851355,190851385,190851387
1269369968,190851389,190851537,190851546
1269381578,190851522,190851547,190851551
1269384458,190851550,190851698,190851704
1269395978,190851675,190851706,190851709
1269400298,190851728,190851857,190851868
1269408938,190851822,190851869,190851872
1269411818,190851856,190852018,190852027
1269426218,190852010,190852029,190852031
1269429098,190852043,190852178,190852186
1269439088,190852159,190852188,190852191
1269441968,190852192,190852339,190852350
1269453488,190852318,190852351,190852354
1269456458,190852354,190852499,190852508
1269467978,190852477,190852509,190852512
1269470858,190852508,190852659,190852668
1269483728,190852652,190852669,190852671
1269486698,190852687,190852820,190852828
1269498218,190852814,190852829,190852832
1269501098,190852850,190852982,190852994
1269511178,190852958,190852995,190852998
1269513968,190852988,190853141,190853149
1269525578,190853120,190853151,190853153
1269528458,190853149,190853301,190853309
1269539978,190853284,190853311,190853315
1269544298,190853325,190853461,190853470
1269555818,190853457,190853471,190853476
1269558698,190853484,190853622,190853630
1269567338,190853581,190853632,190853634
1269570218,190853619,190853783,190853794
1269583088,190853759,190853796,190853799
1269586058,190853789,190853943,190853951
1269597578,190853919,190853956,190853959
1269600368,190853958,190854104,190854113
1269611978,190854074,190854115,190854117
1269616298,190854129,190854263,190854270
1269627818,190854251,190854271,190854274
1269630698,190854290,190854424,190854433
1269642218,190854412,190854435,190854437
1269645098,190854446,190854584,190854593
1269655178,190854559,190854595,190854598
1269657968,190854596,190854746,190854754
1269669488,190854717,190854756,190854759
1269672368,190854751,190854904,190854908
1269683888,190854876,190854909,190854912
1269686858,190854912,190855066,190855074
1269699818,190855050,190855075,190855077
1269702698,190855089,190855227,190855232
1269714218,190855219,190855233,190855237
1269717008,190855248,190855387,190855398
1269727178,190855367,190855399,190855403
1269730058,190855392,190855548,190855556
1269741578,190855521,190855558,190855561
1269744458,190855550,190855708,190855718
1269755978,190855679,190855719,190855723
1269758858,190855707,190855868,190855875
1269771818,190855858,190855877,190855881
1269774698,190855887,190856029,190856038
1269786218,190856015,190856040,190856043
1269789098,190856044,190856190,190856198
1269799178,190856158,190856199,190856202
1269801968,190856195,190856351,190856361
1269813578,190856313,190856363,190856364
1269816458,190856351,190856512,190856523
1269827978,190856476,190856524,190856526
1269830858,190856512,190856674,190856683
1269843818,190856651,190856684,190856686
1269846608,190856691,190856832,190856843
1269858218,190856813,190856845,190856847
1269861098,190856847,190856993,190857003
1269873968,190856988,190857005,190857006
1269876848,190857030,190857153,190857164
1269885578,190857116,190857165,190857168
1269888458,190857151,190857313,190857324
1269899978,190857284,190857326,190857329
1269902858,190857312,190857473,190857481
1269915728,190857451,190857482,190857484
1269918608,190857490,190857633,190857643
1269930218,190857618,190857645,190857648
1269933098,190857644,190857793,190857800
1269945968,190857791,190857802,190857805
1269948848,190857822,190857954,190857960
1269957578,190857922,190857962,190857966
1269960458,190857952,190858114,190858124
1269974858,190858107,190858126,190858128
1269979178,190858160,190858274,190858285
1269987728,190858252,190858286,190858288
1269990698,190858292,190858435,190858446
1270002218,190858412,190858447,190858449
1270005098,190858448,190858595,190858599
1270015178,190858561,190858600,190858603
1270018058,190858594,190858758,190858764
1270032458,190858752,190858765,190858768
1270035338,190858780,190858920,190858924
1270046858,190858909,190858926,190858928
1270051178,190858961,190859083,190859094
1270059818,190859056,190859095,190859098
1270062698,190859083,190859244,190859252
1270074218,190859217,190859253,190859258
1270077098,190859250,190859405,190859416
1270090058,190859393,190859417,190859420
1270092938,190859425,190859564,190859573
1270104458,190859553,190859574,190859577
1270107338,190859581,190859725,190859732
1270118858,190859713,190859734,190859737
1270121648,190859740,190859888,190859896
1270131818,190859856,190859897,190859900
1270134608,190859889,190860048,190860059
1270146128,190860018,190860061,190860064
1270149098,190860048,190860209,190860219
1270162058,190860194,190860221,190860224
1270164938,190860228,190860369,190860379
1270176458,190860353,190860381,190860385
1270179338,190860383,190860531,190860541
1270190768,190860516,190860543,190860547
1270193738,190860540,190860691,190860699
1270203728,190860651,190860701,190860703
1270206698,190860691,190860852,190860862
1270221098,190860845,190860864,190860866
1270223888,190860886,190861014,190861026
1270234058,190860989,190861027,190861029
1270236848,190861024,190861174,190861186
1270248368,190861151,190861187,190861191
1270251338,190861184,190861336,190861346
1270262858,190861307,190861347,190861349
1270265738,190861347,190861498,190861509
1270278698,190861490,190861511,190861514
1270281578,190861520,190861658,190861669
1270293098,190861649,190861671,190861674
1270295978,190861677,190861820,190861826
1270306058,190861787,190861828,190861831
1270308848,190861824,190861981,190861991
1270320458,190861948,190861993,190861995
1270323338,190861984,190862143,190862154
1270334858,190862114,190862155,190862158
1270337738,190862145,190862303,190862312
1270350698,190862283,190862314,190862315
1270353578,190862326,190862464,190862474
1270365098,190862445,190862475,190862477
1270367978,190862482,190862625,190862635
1270380938,190862621,190862636,190862639
1270383818,190862659,190862786,190862795
1270395338,190862781,190862796,190862799
1270398218,190862816,190862948,190862958
1270406858,190862912,190862959,190862963
1270409738,190862950,190863109,190863121
1270422608,190863085,190863123,190863125
1270425578,190863123,190863272,190863282
1270437098,190863249,190863284,190863287
1270439978,190863285,190863431,190863442
1270452848,190863420,190863444,190863445
1270455818,190863456,190863592,190863603
1270467338,190863581,190863605,190863607
1270470218,190863616,190863753,190863765
1270481738,190863747,190863766,190863770
1270486058,190863789,190863914,190863921
1270494698,190863888,190863922,190863927
1270497578,190863920,190864077,190864087
1270509098,190864043,190864089,190864091
1270511978,190864079,190864239,190864247
1270524938,190864226,190864249,190864251
1270527728,190864256,190864403,190864414
1270539248,190864379,190864415,190864417
1270542218,190864416,190864566,190864576
1270553738,190864542,190864578,190864580
1270556618,190864583,190864729,190864739
1270569578,190864718,190864741,190864743
1270572458,190864748,190864889,190864898
1270583978,190864877,190864899,190864901
1270586948,190864914,190865052,190865062
1270596938,190865029,190865063,190865067
1270599818,190865054,190865213,190865221
1270611338,190865187,190865223,190865226
1270614218,190865212,190865374,190865382
1270625738,190865351,190865384,190865387
1270628618,190865380,190865535,190865545
1270641578,190865516,190865547,190865549
1270644458,190865553,190865695,190865706
1270656068,190865680,190865707,190865710
1270658858,190865712,190865857,190865868
1270668938,190865821,190865870,190865872
1270671818,190865858,190866019,190866030
1270683248,190865985,190866032,190866035
1270686218,190866016,190866178,190866188
1270700528,190866172,190866189,190866191
1270704848,190866224,190866339,190866349
1270713578,190866320,190866351,190866354
1270716458,190866353,190866500,190866510
1270727978,190866475,190866512,190866514
1270730858,190866512,190866660,190866668
1270743818,190866656,190866670,190866673
1270746698,190866684,190866822,190866828
1270758218,190866809,190866831,190866832
1270761098,190866848,190866983,190866992
1270772618,190866977,190866994,190866997
1270776938,190867026,190867144,190867154
1270785578,190867119,190867155,190867158
1270788458,190867153,190867304,190867315
1270799978,190867277,190867316,190867318
1270802858,190867313,190867465,190867475
1270815728,190867452,190867477,190867479
1270818608,190867488,190867625,190867636
1270830218,190867617,190867637,190867641
1270833098,190867643,190867787,190867795
1270844618,190867775,190867797,190867800
1270848848,190867825,190867947,190867958
1270857578,190867922,190867960,190867963
1270860458,190867945,190868107,190868114
1270871978,190868080,190868116,190868119
1270874858,190868109,190868268,190868275
1270887818,190868258,190868277,190868281
1270890608,190868284,190868429,190868435
1270902218,190868418,190868436,190868441
1270905098,190868449,190868589,190868598
1270916618,190868570,190868600,190868602
1270919408,190868609,190868753,190868764
1270929578,190868718,190868765,190868767
1270932458,190868754,190868911,190868921
1270946858,190868909,190868923,190868924
1270949738,190868948,190869073,190869083
1270959818,190869055,190869084,190869087
1270962698,190869083,190869233,190869241
1270974218,190869216,190869243,190869247
1270977098,190869246,190869394,190869404
1270988528,190869383,190869405,190869409
1270991498,190869409,190869555,190869565
1271001578,190869520,190869567,190869570
1271004368,190869554,190869715,190869727
1271015978,190869683,190869729,190869732
1271018858,190869713,190869876,190869886
1271031818,190869856,190869888,190869891
1271034608,190869885,190870036,190870044
1271046128,190870014,190870045,190870048
1271049098,190870043,190870201,190870208
1271060618,190870175,190870210,190870213
1271063498,190870210,190870361,190870372
1271076458,190870349,190870373,190870375
1271079338,190870383,190870525,190870536
1271090768,190870515,190870537,190870541
1271093738,190870540,190870688,190870695
1271103818,190870652,190870696,190870699
1271106698,190870692,190870850,190870861
1271121008,190870847,190870863,190870865
1271123978,190870881,190871013,190871023
1271135498,190871004,190871025,190871027
1271139818,190871055,190871176,190871184
1271148368,190871150,190871185,190871189
1271151338,190871188,190871339,190871350
1271162858,190871319,190871351,190871355
1271165738,190871344,190871500,190871510
1271178698,190871489,190871511,190871515
1271181488,190871518,190871664,190871673
1271193008,190871648,190871675,190871679
1271195978,190871680,190871827,190871837
1271207498,190871809,190871839,190871842
1271211818,190871853,190871990,190871999
1271223338,190871978,190872000,190872002
1271226218,190872017,190872153,190872163
1271237738,190872149,190872165,190872168
1271240618,190872181,190872315,190872327
1271250608,190872291,190872328,190872332
1271253578,190872317,190872476,190872484
1271265098,190872445,190872486,190872488
1271267978,190872482,190872637,190872648
1271279498,190872611,190872650,190872653
1271283818,190872652,190872797,190872804
1271295338,190872781,190872806,190872808
1271298218,190872817,190872961,190872972
1271309738,190872945,190872974,190872977
1271312618,190872974,190873120,190873127
1271322698,190873083,190873129,190873132
1271325578,190873121,190873280,190873289
1271337098,190873242,190873291,190873292
1271339978,190873281,190873441,190873448
1271351498,190873413,190873450,190873454
1271355728,190873456,190873602,190873610
1271367248,190873580,190873612,190873613
1271370128,190873619,190873762,190873773
1271381738,190873740,190873775,190873777
1271384618,190873783,190873925,190873936
1271394608,190873890,190873937,190873941
1271397578,190873925,190874084,190874096
1271411978,190874077,190874098,190874100
1271414858,190874112,190874245,190874256
1271423498,190874203,190874258,190874259
1271426378,190874244,190874405,190874416
1271439338,190874386,190874418,190874421
1271442218,190874416,190874566,190874577
1271453738,190874542,190874578,190874580
1271456618,190874576,190874727,190874737
1271469488,190874717,190874739,190874740
1271472458,190874751,190874888,190874899
1271483978,190874877,190874901,190874903
1271486858,190874912,190875053,190875063
1271498378,190875046,190875065,190875069
1271502698,190875087,190875217,190875224
1271511338,190875181,190875226,190875228
1271514218,190875218,190875382,190875393
1271525738,190875340,190875394,190875396
1271528618,190875381,190875542,190875553
1271541488,190875518,190875554,190875556
1271544458,190875551,190875704,190875715
1271555978,190875676,190875717,190875719
1271558858,190875718,190875869,190875879
1271570378,190875840,190875881,190875884
1271574608,190875886,190876030,190876040
1271586218,190876022,190876042,190876047
1271589098,190876042,190876193,190876200
1271600618,190876172,190876202,190876204
1271603498,190876209,190876360,190876371
1271613578,190876318,190876372,190876374
1271616458,190876358,190876520,190876532
1271630858,190876511,190876534,190876537
1271633738,190876547,190876684,190876695
1271642378,190876640,190876696,190876700
1271646698,190876693,190876848,190876859
1271658218,190876812,190876861,190876862
1271661098,190876849,190877009,190877020
1271672618,190876977,190877022,190877025
1271675498,190877009,190877172,190877182
1271688368,190877153,190877184,190877187
1271691338,190877180,190877335,190877342
1271702858,190877314,190877344,190877349
1271705738,190877347,190877497,190877509
1271718698,190877492,190877511,190877514
1271721578,190877515,190877660,190877668
1271733098,190877649,190877670,190877673
1271735978,190877684,190877824,190877836
1271747498,190877809,190877837,190877841
1271750378,190877836,190877989,190877996
1271760458,190877948,190877998,190878000
1271763248,190877986,190878150,190878161
1271777738,190878140,190878162,190878164
1271780618,190878177,190878314,190878324
1271790698,190878287,190878326,190878330
1271793578,190878320,190878476,190878486
1271805098,190878455,190878488,190878492
1271807888,190878477,190878640,190878648
1271819498,190878609,190878650,190878654
1271822378,190878642,190878803,190878814
1271835338,190878789,190878816,190878819
1271838218,190878811,190878967,190878974
1271849738,190878944,190878975,190878979
1271852618,190878972,190879130,190879136
1271865578,190879114,190879138,190879140
1271868458,190879148,190879292,190879299
1271879978,190879285,190879300,190879304
1271882858,190879310,190879455,190879465
1271894378,190879446,190879467,190879470
1271897258,190879466,190879618,190879624
1271910128,190879613,190879626,190879629
1271913098,190879650,190879781,190879792
1271924618,190879776,190879794,190879796
1271927498,190879805,190879945,190879953
1271937578,190879924,190879955,190879959
1271940458,190879950,190880107,190880118
1271951888,190880076,190880119,190880121
1271954768,190880116,190880272,190880285
1271966378,190880244,190880286,190880290
1271969258,190880267,190880433,190880441
1271982218,190880418,190880443,190880446
1271985098,190880447,190880597,190880607
1271996618,190880570,190880609,190880611
1271999498,190880609,190880758,190880770
1272012458,190880756,190880772,190880775
1272015338,190880785,190880919,190880929
1272026858,190880914,190880931,190880935
1272029738,190880940,190881081,190881089
1272041258,190881071,190881091,190881095
1272045578,190881117,190881245,190881252
1272054218,190881218,190881254,190881256
1272057098,190881249,190881408,190881415
1272068618,190881374,190881417,190881420
1272071498,190881415,190881573,190881583
1272084368,190881555,190881585,190881589
1272087338,190881579,190881735,190881741
1272098858,190881709,190881743,190881745
1272101738,190881743,190881899,190881909
1272113168,190881874,190881910,190881915
1272116138,190881899,190882062,190882069
1272129008,190882048,190882071,190882075
1272131978,190882075,190882225,190882233
1272143498,190882211,190882235,190882239
1272146378,190882244,190882387,190882398
1272159338,190882383,190882400,190882403
1272162218,190882412,190882550,190882557
1272173738,190882542,190882559,190882561
1272176618,190882575,190882712,190882721
1272188138,190882698,190882722,190882724
1272192458,190882752,190882876,190882886
1272201098,190882843,190882888,190882890
1272203978,190882880,190883041,190883052
1272215498,190883003,190883054,190883055
1272218288,190883042,190883202,190883212
1272231248,190883184,190883214,190883217
1272234218,190883216,190883365,190883375
1272245738,190883341,190883376,190883379
1272248618,190883375,190883527,190883538
1272261578,190883524,190883540,190883543
1272264458,190883551,190883691,190883702
1272275978,190883676,190883703,190883706
1272278768,190883711,190883853,190883863
1272290378,190883845,190883865,190883869
1272293348,190883874,190884016,190884026
1272306218,190884011,190884028,190884030
1272309098,190884051,190884178,190884188
1272320618,190884174,190884190,190884192
1272323498,190884207,190884343,190884354
1272332138,190884302,190884355,190884359
1272336368,190884349,190884505,190884515
1272347978,190884480,190884517,190884521
1272350858,190884512,190884668,190884679
1272362378,190884638,190884681,190884683
1272365258,190884677,190884831,190884844
1272378218,190884817,190884845,190884849
1272381098,190884848,190884997,190885008
1272392618,190884976,190885009,190885012
